20
6855.532021707413 2193.691000350686
3595.6601010349477 1975.1394089424668
1780.8108492665654 4008.962240327003
7379.910870331504 3093.638216452378
953.5550884723498 2552.4039231373254
2876.3957885103673 989.0578589820287
1413.0036685827895 324.10767901525196
2427.3181565801206 3483.5244715001845
3460.2447318397535 5787.247243143908
214.68094232400813 2974.5953290143225
7261.814901514648 9740.673129542021
3618.0495778993495 7119.592298580687
6925.611261206014 5972.353289134109
8788.641060800175 1790.8174265069588
3231.019091202472 270.1358087096295
6789.49083564202 2877.092163892735
4689.851305156451 9146.551048695932
135.25585550193898 811.560891456996
4320.123607171761 8778.119085547394
6089.056400615702 646.1403811745603
