120
6895.086911108116 2138.376374857346
2674.2559079691055 9501.277612781774
5028.582216400567 1883.909145609216
2483.893483191637 1397.90307470146
7816.27713014426 816.1063773339961
7266.125113217104 5694.989581721136
8934.915717559952 9852.30951494546
3686.6433891466763 7930.533553787199
8220.29615774435 2360.676625667342
3777.2082616157422 4429.393923632895
604.9935139170892 586.0253805120597
63.56466872510569 8372.497508703671
7567.945822171553 861.5058716717982
1200.053138202166 2635.9170701708167
2906.885652090393 823.9272103570927
306.0852568917527 183.5117228805505
1397.3308781675564 5619.75419513936
3499.562444271304 5071.720526527872
9258.776786751545 1256.3902759096125
7077.530565352572 1752.7858844289246
2995.842018443724 9528.689582955598
8093.957272038814 8160.948323289838
8363.848826482568 455.5330929302315
539.199999542741 1545.3549137749112
3441.0903724544182 1214.1132196060112
7473.929609495178 3838.7876695053824
8173.560047704897 1339.6070017494665
9591.675611843631 6732.545969676792
1293.8220008900958 7976.012695895285
1301.8031009936537 1971.935110324171
7707.19426023249 8108.160870552276
9773.761814233463 3412.1476966758537
7196.688425323989 7411.729086541134
3771.8390240470567 5912.6332017858895
3332.671259402068 758.2301957810678
4401.953296472315 1493.6876321003579
4547.922695662595 5204.126160419131
8391.368547854074 9891.80033967065
5282.216531996247 2743.2904340156138
7159.576861375426 1530.4849986781044
2077.4577100851266 7439.257909646087
1734.6122705349542 172.06639104161758
8281.106442961516 3823.439825419732
4907.828852633354 5303.546147337825
8490.818341517208 9616.63923590748
3002.1174618262103 4897.508014140799
893.2471528313802 8276.994855140554
1582.314991066005 7865.832933506138
5310.237137168978 810.4138872789979
6372.10949528361 4486.673946628645
8332.966356690114 6012.4098591179
7753.984004134352 9984.094636378068
509.5441362154618 5226.246288726516
6499.613739275083 2810.252659324404
1094.6498105774783 685.8189355294963
3958.9756870694946 7599.278459055015
2717.845897467567 630.3864447706231
4182.294012501874 5041.956183893001
7042.096106915186 1062.3079566546346
1292.279165486947 602.6859904508063
2894.5153452774207 2503.2086007201715
5460.4370106123615 1989.146433187986
6099.464706173148 3395.4101747552545
8003.367467476411 7086.554648475326
9735.07997953569 9868.652682951193
1989.5964120780052 2599.7814462465985
548.9410120130966 557.7449939252854
485.5215539812452 5283.736223775432
8167.448280684341 4127.526952151059
1458.259867771009 7686.778318866953
1602.8274144684285 175.0581772373061
4933.418115712859 3460.666320483121
859.169757275462 1157.9675409254708
4740.99502863375 4324.676026992556
2933.5521376380457 3206.7329482392392
471.909856701197 6563.677927455033
5803.538426555526 3485.4691669297113
9771.137605285676 6443.7032748893635
1502.5150161144375 1606.5498846584092
2616.8472931482734 9781.433615943522
3931.0423986851297 8484.524986933882
7365.485210880271 2069.3347254665164
7661.269054221583 422.2415873626606
1723.4183143257242 9218.631779449988
8365.585015020033 1217.1529557349781
733.594070843453 2057.503749457235
2574.7430039228393 9607.765962224918
1118.4637272958487 6115.030180052119
7521.2074687185295 6731.760410590284
4793.088924362103 6222.7542365769505
9779.762089081752 526.2787078254715
4858.990413570516 697.450836027298
2085.6731721522824 230.5742499749619
994.1869098113443 582.0946839761465
429.3175718635611 1361.4491227220349
1470.3858394037773 1319.6325198709303
3013.624373594164 8119.061813799521
268.65328529602994 1129.3537163877643
8658.30402302074 362.7311088467911
4974.34795423594 996.7581443391992
8741.286949207779 9070.692331491606
6222.509320939783 8688.571674047105
919.2571993660271 1687.2550182570633
6038.905944929161 3998.532815342949
3599.5734974609672 1943.8129297037888
9943.966658153746 1907.8292855314783
7141.977831709006 9160.623421498814
7078.064484752687 1762.4497865300514
4267.442546226651 3690.844921821228
6384.449085549091 1218.3804631275186
9174.976457582688 9859.796775654311
9467.619374016118 6613.121199369728
5818.110828521023 5016.02493009903
3926.5304302291693 9254.808699294277
3358.0917097505867 414.98313150518993
4814.761904322504 4460.044484292126
2081.573535468736 7968.94695977187
7320.842180778777 2803.0676736565174
2308.8527043480267 7964.596080497677
3076.7275779755887 9251.541979442203
