2300
1824.9529473663395 4242.8524511970045
5444.230738468101 6293.575016957099
6614.317375152186 6864.5076720826755
9496.525147871638 8631.825848046281
4186.390041465404 3611.6823299881785
5000.315871602595 662.6823169452011
1339.0858320414889 3065.8625169484467
2266.1421424164687 8776.949028648123
3109.0113751441027 6811.9587336742425
8504.411658506886 4532.701597884938
7456.144142679888 2506.5840501346324
8143.795510053361 303.4216747676477
7482.729501097006 5436.934762136537
7431.496314539506 4878.8330842339565
9575.522222807125 9638.14526424269
9689.115597923093 6756.108476926789
727.0864209214711 3897.9176990474875
26.875866568781824 5989.152579358809
8302.591773311246 8688.789288823216
7347.332610954853 9724.33388352154
8673.341223635596 9463.51623985215
4114.822121846506 7791.466744297278
9431.18507663351 1785.2185760379436
3354.5059597312566 1638.6075215907558
3782.565324795688 2838.621625393404
1463.8777907109136 539.1955192022501
3127.5302635937906 2907.2989146195905
6511.1776358181905 4901.40369608353
7645.544455725542 7245.123762530824
6564.467968580422 2542.820338363757
1208.6267898129288 1262.3340258659389
6751.211552582843 2023.6144485760433
7633.1200704089915 8325.201843693178
2278.3142813722657 4720.114005306132
8903.282177301695 4211.134056306646
4791.794975046799 9999.145950679438
1572.0675665637661 2364.113157239547
5044.137457618586 2432.3123955410765
1895.225888426818 8421.629117730574
6441.119007932041 6576.848199273637
9139.395603849714 9648.58892651813
1033.59648872139 6669.7217774982055
7107.671523704658 8491.400967468235
7504.746388975403 4644.215244698628
2010.836610941783 5223.872657474282
964.8032961249653 8843.293262303641
2848.0901789562154 5219.723888790325
1553.4215521609874 4483.031558196784
2921.349729467648 6232.734470823982
543.5505527090522 4840.28520768967
7394.786808586196 3502.4016634949253
4650.530883479959 4752.312332776626
3224.4876800926313 5640.111112768202
4809.53330195685 431.02100666701614
3869.7030268570297 5152.715598513918
2562.316005270264 3426.9242862535275
8648.888438433845 2578.642677504146
2531.849981275297 5800.758540363814
4766.3587265089745 8780.702578745488
7224.045163282905 2335.990114111176
1931.770946428245 7136.600408387488
7762.243964945451 3336.3665167484223
2537.375110921408 7260.222961366386
53.05498641934636 1413.0953557090554
2546.2194500826618 5833.176876471726
906.4093501123638 745.3944667679169
874.8515329885021 1037.2300708281668
9522.966804058926 9734.509231164426
5284.110308568258 1818.414754649268
6882.599660866319 2975.562095971447
2779.3245442947446 4200.354552830912
5117.342447049017 5709.692212515592
3629.881723086873 6038.999581645084
4951.307699665369 3126.6136599511005
5802.4191398063 2878.8192950559765
9463.555697292408 6598.280736441481
8851.623191636176 8525.086094314396
4920.785202389111 2134.329705449071
8587.0435317882 9088.66939601433
9194.663811464517 6325.657413205804
452.2584769815363 819.4893837459638
866.204166725606 9876.646634810331
6390.999125685659 694.4089616098004
5533.874446586885 9980.561286974864
677.7499995987246 8672.89328079966
8348.614586490265 1842.4435418121432
9831.24498421745 9477.831407262885
921.1142812605356 704.2497432416184
1126.834657773995 384.8964233102381
3325.94411654475 4283.432159356627
7517.74881871212 9987.89600757677
8265.307459119866 8204.601884058551
2862.8302922208272 8067.242216639288
3885.2207355662117 7303.301396730434
9688.40929346338 8768.07872066044
79.90352719247973 1925.3550036657973
8592.967458859961 9833.636716142933
7085.221675652904 7624.808817085136
5848.861434284569 1785.578371262564
7608.816890103763 8435.020993646987
8323.496212556127 441.8441809044427
661.4149357407217 9409.39830148558
9405.433584849165 1066.2725101586122
8566.227346246034 7813.463170693274
4781.455668447233 9606.36261385762
9892.851375319256 8879.619220672153
5511.737073755201 3573.742310157002
1516.0851951626619 7887.797261408802
8482.300465794497 8097.741140710626
1139.3943364970582 9038.49886142574
3780.441273340891 1979.244659372794
6121.624918894244 9519.08628383239
4309.798980113455 8239.820535064035
6824.589040385606 7492.5154325557805
6375.144770575825 4745.376358833651
2372.3217929897432 1825.7664593841505
8922.848311599655 3993.5371039838706
3891.5258578444154 4858.351982393663
942.9601850844482 8443.609462007265
3764.0775039389027 5573.443450448821
5889.937292248136 2278.0668045552165
4100.753728931715 7675.202341858651
1697.5399817581072 4316.363205624794
2935.652444020369 5286.683515346092
5394.325908096823 9597.450816695364
1263.8453199344956 1561.6996178451636
852.432152617939 5277.538042040132
1228.0194940228805 6264.14170813502
4200.153816140608 9656.62720374119
2167.810764450255 3810.307955469162
3943.109545937562 5304.478405768054
5766.668610855163 3959.210408422593
5901.213271207366 638.6853656197222
3711.289068683542 6414.780484954662
3343.140362910153 8519.774541107206
5676.52410414257 1086.6146369896724
491.06559753659184 7592.63651291176
8265.041561962093 2048.45853411021
1124.8529842935773 9470.621769924346
6586.4166089999535 3710.3239795129184
1977.8459526219694 4745.676346201167
2527.6771440701896 3357.7972918420996
9654.573985428362 423.1209381142187
2707.9303124304433 2474.5056865223023
7448.631969121909 6280.052809102601
2041.7841361111655 7037.066641562848
6416.78764311316 2356.3112391256977
5085.614405727006 7387.096367926905
7970.542618899722 3738.0701214990154
469.16411387293743 818.6427070456059
2140.0957281698775 4554.215590687955
4023.3474591458285 8093.195310696052
4273.402048204596 7304.77892314931
9649.767194045724 3496.001783955763
6134.937540675037 6192.168580900767
2353.1408976923517 8381.611537049943
2465.9418696693924 4443.183041203052
849.1670110658666 6601.513739495841
3082.466776972176 5203.935722074807
8549.213398711436 5643.552910300244
4007.0306123534206 1293.8681032440336
3536.7851134597395 917.8555288193024
1476.2508848703249 251.220787268559
7183.932790699833 2702.1545371204393
3625.7244337668835 31.187678574071676
4893.712418051545 840.1390107122264
1157.9642035041682 5175.5550070285135
1200.406307563603 7598.280234268119
7871.9632239935845 1111.4704085159299
5999.770422220699 7620.289124665815
2999.097441675983 5996.789781616705
1997.322206659532 2628.634984189718
471.07647217344396 2228.6709822927064
1629.5922799367845 2278.355526459277
599.296187565228 8025.519427704653
1323.4996975383417 1774.2069580497478
7861.227725256474 7237.378516579562
3553.6855785321254 805.3027513750743
2456.7000745210444 5699.266169430164
4146.443563211556 7579.02037386082
2824.5301953264657 7903.565263433798
3210.1726540199415 328.2317580126959
6122.16982477849 285.8951019408218
8441.875580453314 8328.059271200022
5396.812984161492 9074.188497778727
5972.721836062887 5837.441504954038
4649.713144207093 7584.904717924947
5811.038984501095 2223.792810961771
9538.900407640713 1609.0704762712005
8708.422302240873 8918.414876898318
1627.8654549691485 1285.7845988605732
4197.919705060182 8392.209485134026
817.7088614292117 3279.229880895842
6685.622220545541 714.8357743381229
2949.0362167246954 4337.616896262716
8584.72393549362 464.28807009311515
4231.260888094317 6305.204410329587
8904.09907034723 3194.0160507503747
7140.10557237201 7137.616426692881
789.337752028556 3895.9982141656615
5808.534803280006 2424.8252415038573
7670.439707322121 9213.65495836157
3272.936661270505 6747.351864768222
3502.8599035634425 8864.978884968425
3622.1623758654187 2461.6712942272034
1431.6533021121968 5959.450420646758
8436.715657026656 9258.448369946627
4344.32582592025 5560.205209100659
1370.535986605884 1923.9939090087632
5181.376711065642 8280.459619561932
5911.751500477514 6802.696104639554
5805.880099356851 2223.8995259186167
8687.761394980816 729.7110618448977
2668.206530089378 8847.39436558973
9248.514996098806 2297.5703814510484
9432.642480381377 4255.701051097962
1932.465043639775 2145.5915444067555
8015.930485981208 9072.723735620766
6424.270590869325 6874.202909845768
5437.303498080459 9516.053528803435
9940.867036202053 8323.47090860926
1364.6348081010694 2276.1655884173724
6867.368843232496 1376.987747144739
6969.698689992464 7060.478077858873
2858.5896546559343 775.1238575024255
9821.29546293805 3862.4360887853272
5991.889072485727 1716.137276317774
9245.642837636942 2622.7249683208142
7018.168578699052 9779.764677762752
6012.397073253737 132.19235294162246
3339.324952067608 9080.260315383872
5642.258087100611 1978.8950310463272
6750.588343747741 8499.607337663423
7452.655940815875 3729.878627049974
6521.069496033382 5110.083187386243
8443.66846580858 2808.4108653325866
2892.925918296506 2861.9663447179178
7145.043844097692 304.61409929607555
7461.1759070256685 4145.25721008033
8034.2114447749245 6823.12684094105
513.9102392106298 1328.7192409165305
2361.364335748718 4662.250693690045
3674.160882644971 9976.75609515563
9573.957857947575 7399.55679657104
8704.927835296168 7708.487315542353
2050.1858749574544 5887.888243811346
8682.091069408954 147.08570787259734
2481.86764498327 3717.567977997401
1609.6171372543788 8068.910404268497
6039.428335474575 1675.7911841348416
4399.394671051076 8287.69865019322
7772.379189274722 7172.22765260746
3290.905336649804 3552.499460572631
5212.877595448421 255.058208774227
8946.982128092695 4342.815398870032
7770.203703516406 4060.579305756136
1582.8314555207223 4359.539598587559
714.6867291157998 4370.132544099913
3765.566572157453 2244.8568708482208
2680.925926640838 5876.290426322055
8881.022483577884 1029.4446751442765
4925.956339466776 6530.331727002483
7845.037016191611 1786.364006372384
4062.7625392016366 9565.514854251714
916.3946092438202 8917.61770568006
11.085082113614364 4079.5474678870014
8949.072146693645 9876.831115614475
3467.3822660043998 7262.686689840123
6154.438417292217 7358.547276928333
8049.681936455373 360.984489279087
8769.647766319802 9107.493205807978
297.15524602330623 6475.819649419447
8875.813873969315 5347.613563946465
6423.098609126096 2285.156435219897
658.5990663412177 5345.146121483287
4753.81186933044 2091.254524829025
1805.8138578703365 9970.421526417436
7852.467920846383 4743.685215239174
3430.286933677207 9854.392175722947
3010.3133398250225 4455.934772807076
771.6648779684732 6134.059666471336
7525.749755933178 3681.2203130681964
3188.6935017424203 5043.477619027384
5388.062676235961 1223.5754980567071
9937.80102353544 5097.985418959023
5084.4273313047615 5239.25147230187
7032.036557812899 6069.659712774749
9239.173772364866 3976.9441260345807
2114.5495671849612 3592.534741208626
9682.317746483226 4740.291953379403
3191.1230537545853 7006.784914974838
5824.408545069268 2490.25070106936
953.9699081986464 9245.146642417536
2548.8526876933347 3483.857576544911
3522.004869887745 4085.202216716037
6215.177321448441 3564.3617924153905
2052.3614506034305 4771.488297427042
6171.498960782058 8317.127314320198
471.7843379904585 4154.516464578199
9674.04150511223 920.5286886071162
7653.488299973823 2463.080074854699
2548.822973670849 2720.0126077691857
3148.634350802404 4522.252278536858
361.43726752598025 7974.544239365354
6165.5768587831435 7892.59986179694
3700.728629267267 8360.708127120317
6434.440784572769 3070.347428046993
6662.1932635062985 1561.4924504889282
5473.975532464806 7075.943204618466
2932.109625959929 9646.854189654847
7488.81037948483 2315.2797437674253
4239.604574269494 2326.587117727631
4443.561231196412 528.7969826641591
9419.442756505421 404.1029410581265
892.8307962408222 6344.634725183596
3200.576900078609 5943.876440567822
3568.953264691003 8571.696134937338
8027.3743782194115 4216.171372150702
8992.57577557546 6282.35656119561
5807.059382454702 906.9676278195404
4857.3675561232885 5840.896491456587
9859.114359606629 6386.743748307641
1437.38034215675 4009.335883421463
862.0838541857479 9124.967744227002
7142.164368318205 5136.477117578782
9020.35050603025 7027.106961678855
8071.737292379381 154.1868599826235
113.72914904861142 1021.7227014948993
3561.7493624620342 1011.6924299113417
2395.600136052738 774.5589471745973
2907.969764490842 4855.739758440639
6485.028428783808 8991.847613533835
4303.190956446418 4072.452096646295
1686.7152674082508 4976.656297856963
594.0150587741688 698.7408557526909
4159.075418720369 4167.599042440919
1738.0014399269894 9953.262069318276
4477.432258374677 6079.598505683978
6045.095916939182 172.02298123408454
8570.29043038234 5926.524446408617
3224.162070772996 9191.217202589827
6780.665636500937 9256.616444786378
1370.2231204420557 7206.5624056329225
3255.0041113263637 8823.163480573132
7690.84621163183 473.16338446564356
7881.757378901465 9032.486950905706
5067.180718001862 1824.9413074273834
9686.855123102454 3608.0924654373957
9309.522951115918 4061.5588694660332
323.6983180350073 4487.859605733148
9092.426775446793 3835.7729294357337
4707.537037145745 3805.4078077969557
2468.261141626853 1636.2824809469269
2953.0475522880315 6076.693504853886
8341.828443382954 7484.5308813050815
585.7582864763522 801.7567382999902
4947.374266147708 7496.30434787476
225.1471740114941 1828.8029133351579
9412.746959741678 2338.0214034756664
8485.469978510568 6085.0900558194435
7183.678849320725 7587.292419190874
206.3315702423074 8472.627345214327
8676.323995574852 789.9440551969439
54.13595631914458 3348.6653695955015
2593.250300730128 2559.0186456000843
263.6323729462986 3898.4738540754347
65.04829386147826 1832.3805222875267
6437.1957831531 5254.890623970182
4811.7566045215235 5929.450728686177
1657.5297014019286 4882.099082759788
5449.461515416292 4880.207597405486
1276.7565889681644 8717.260502423862
5726.170361812537 1881.728999261446
9993.792279538811 926.9538769185326
504.29155153207785 6648.966772847862
9894.42531202509 7739.843852073246
2681.436795157879 7331.391828805853
5050.624492583512 5314.144829754422
2309.3739371947854 4082.301020799508
9367.769470481997 7675.595187674161
9046.327844301197 7778.936880157471
9865.087612280133 8216.288941825123
5304.631989100109 1480.2318297990803
7735.143499451593 8655.728830233156
6879.209901343745 3098.7629221395996
1904.8606408879532 8304.209515372897
5342.204476724189 2684.8717728057327
6591.55959699337 3263.7847785030604
2666.7142718626037 8541.37464133862
3329.637414186487 4177.3334449533995
4126.347065759164 5704.573313132391
9757.032886426749 4752.253809449117
7861.9538983753655 7894.080971123652
93.50290118929516 4437.445431902422
6168.8735593509855 7730.892961362711
6759.477908662517 3238.4137917060307
8812.922262682067 1671.5380637666244
3240.9523487277893 3495.0071422116926
7177.015700690263 874.7483338274386
4961.947730261516 3733.061236479711
862.8048237248598 9899.732728675022
6399.512419671327 8135.991460964799
6730.669507363261 8735.448789507853
8369.350946985862 8909.502407860642
8759.182614585092 7239.997346285492
7483.340841191194 6849.619798940735
5564.6411515505115 5074.792510497516
2667.318005601428 1246.7423473963368
2892.757961555614 2935.233217029386
3288.392614952068 7421.567299595252
9071.064632939264 3474.577934624842
5078.56288462881 5434.146637222045
2534.439046977217 6455.3672856011
9823.82864611709 9643.207895335887
5356.843855977116 5804.091605185291
8080.349163203449 637.1782752131239
1139.3372041092698 2676.246322560707
2726.9536818905626 4020.679503935866
3633.841551628997 2088.5428465305845
4773.532528580328 8344.517587718155
3495.1089890035682 5091.637162288428
2169.0379226268265 8307.21490570707
7408.555379774868 3782.1402521314494
3602.89682675096 2925.284632280655
5628.018886190078 1539.693115365176
9488.571268998867 5361.821303315743
9019.659839632546 1193.691448498574
754.854870552093 771.9798879745643
6797.826076858338 4331.764004132472
2831.585821293139 7278.247817812514
3142.433852181533 3713.8750129630384
8707.989886336713 4525.146747371557
3675.5414633623564 6832.020534946492
8167.546879144213 586.7870346729509
9452.986227688223 7305.752813818411
3321.0646070765224 971.5336761938175
3536.637997290999 913.983750526396
4868.9469092439085 2447.9733237955625
8299.943199160343 7976.217978991116
8457.203212677183 7568.663631409559
463.305974091105 62.0143449651811
5625.538937242771 4734.415283157823
3716.1152080158945 6474.822121592121
9024.476650106548 285.4782000763467
5091.033051676328 6905.113036905594
1834.4068229315935 1318.176176185496
6778.189182962728 7571.763421816994
140.73111570774287 1271.1324722964312
1374.1465492065042 9755.850332849948
8487.24381268078 3041.6607029798793
2609.0128024484347 6909.840113348467
6730.100676627082 7230.286102303624
7014.872187329905 586.1123289690462
3254.663184826191 7409.35067024305
6327.236877444448 6015.500771387624
7379.727016485767 6953.936454763881
7203.752814704536 9678.619147670372
7963.096024465402 7699.652941673533
4742.950436434038 7979.35065939072
6906.56198867892 397.052499911239
5783.065732032059 2193.603755178969
7474.916804241007 1646.466243806548
9340.290626361195 3779.4366367341845
8719.208898265364 4846.920407994665
1248.6089315583959 5220.61123910899
7558.776704509475 3211.304799793612
2331.311472616433 4077.3648249465887
7405.743223687798 5838.575000184698
3561.2120009311475 8113.165125347274
1822.4755906046275 7757.058513695928
9278.545625615356 6170.188639268736
9028.963836766568 2424.7034479442386
3081.228462824711 3184.771873462824
2856.7514187831266 4767.564118796066
5047.08400129821 8264.904289382774
7344.67003354499 2173.951607115855
4465.626991482864 5912.9635470597295
1912.071589855433 7139.815626192946
5599.980840241009 97.40378724025555
3606.9870833540494 157.83491472519896
1812.2833943991745 3298.109138728913
1087.724272970887 3846.624843546874
497.65167312093797 6959.016960645326
3341.3737540889774 2834.4639428728856
7982.746937034234 2148.383788316467
1735.8555144089637 7176.660230155194
7121.387414828197 4971.293238572598
594.3230598386817 9966.143459348188
1330.6758572443134 343.80195648490377
8400.301932142875 2397.7799676236655
4152.074261755749 8091.751153890918
2714.6985821953717 8780.887002431456
4243.260836829394 1639.4670302760949
4088.0962950634103 2925.820943589773
8932.292439173147 4519.542419330725
2814.3718507662197 1319.0394642938718
1152.6031973682793 5482.596565843188
5176.117482548771 1938.9958417556063
530.4516813006577 6248.789166418251
4921.187322632389 4260.6355933694595
5335.149732022949 4211.872144581238
4269.396786596276 5591.225498826829
5737.481392117226 4929.352654402368
5496.701369811525 1594.013761367672
8030.359966122962 4729.227451880041
1133.7525817010885 6928.353766278593
1902.0248736823687 1518.7030636047016
7862.842978393959 6891.058939873713
7132.228109214395 3603.357524147719
5079.382928244371 1533.992227630616
6358.669396332391 9121.104252996498
8193.128929868295 6269.371501462138
3754.3656370715807 1462.4367613507627
3673.9107737546715 2034.1513729655003
6987.373488384762 6506.9767438816825
96.480449725167 5311.519637813596
7119.601332778728 8658.6641712635
3091.906625466501 9844.378298784508
3566.5398570910465 8757.581990597306
4774.83347375223 213.91932247914025
7527.067707664796 3025.652146272649
4199.723248115235 5936.890000367461
9020.46066892545 7933.530320194248
1050.2108751661222 9900.838169427549
206.09211237141656 6770.756079661213
9061.920472697428 3605.5660313097083
7979.879854587859 8648.776908523037
3786.2046151180475 9778.555651904291
355.646372200783 1974.8333539544706
692.3809330695851 9081.978538755393
3053.623577537299 8700.527951808153
4064.7855398447828 1261.206973597242
2107.747807689876 3251.4294647867914
3789.6771926918636 863.0308460882119
614.124347925431 6842.967571987781
6001.834568674176 544.1397491234268
6110.329226919706 3354.0533110973915
913.2914199732234 1104.156770862391
2665.701473163212 3473.616522463787
6937.46802090877 8988.379026182716
9673.879308697813 4027.812036579217
9448.285037071339 1724.64605554428
4256.00369571255 3514.9489558442315
1592.9287898542966 964.4954358793523
5472.783312663564 3616.514973467331
9313.346997535573 3788.5465469113133
5616.687887716257 1808.3945978016925
991.6799860401604 8052.789323038007
5917.121661773524 7001.071460395288
171.02838777425688 1062.2941663611907
6221.857728406062 7103.964776935479
3364.6512459494284 1723.836051552009
6887.524127967589 5845.210482750865
371.611249698911 7666.947093065147
9364.123012524346 5746.978851522874
2548.5673349468207 9302.359080278582
1973.0142182002585 8818.140703061215
6771.072451835966 3254.5520220708536
5088.4232474924975 5217.6793716408165
5465.048541616401 7721.8822784339545
9097.6064947894 4824.864315662406
5402.037826541458 1972.4466632482017
1633.4930219092569 1651.1799384722824
4166.9772657517715 2115.541859940339
1905.5716805041388 306.5290854049407
6756.058472533452 5016.227229077159
9887.505299494273 4953.454752000786
1261.4998168954405 9507.211014130258
7507.523093272745 6118.20105827024
9333.467912667104 7819.8389295003035
4323.665285367232 6428.043984753561
2964.8027888963593 5235.060646944759
1291.9596245437815 9307.92913851453
6983.55417333939 6528.534009368947
3809.4778786733095 1927.7666356273326
4892.412775548247 2385.7138092749797
2379.259467403608 1281.0068468909164
9067.897162631054 7620.275733037185
2133.64690796607 2289.618276159552
4375.986960546725 1962.1765927644362
6765.630093525452 5201.115121730823
5833.3360132211055 9221.972790237769
1318.3516055675548 257.54544880162047
2343.124243246222 3455.4186621679896
1948.563613895402 6167.325314915367
4072.91873338558 473.9375696979309
2859.465937370371 7348.611601984419
9823.700105183934 9280.652467976774
8292.000277365478 9540.73871971498
483.6653159833426 9366.258524957962
9497.98840513923 7833.944610158366
3712.968422200704 4517.7296686640175
804.4601972025456 2.2047468973740436
8542.567077242204 8023.005910304067
6795.272796775354 7924.459370656706
725.2593691366327 1636.722564893891
619.9945830201436 7324.092186702951
4457.483937628676 517.8558006808298
6198.318716984006 9127.50656444399
5708.337224319109 3447.488238273301
9351.06578394789 5937.051891845068
9774.32102039794 8711.517776405668
4517.726648351512 4150.306903476448
9702.028105261179 6982.007196405077
39.558786007531936 1724.2835191487416
8220.182526009847 6211.196845319577
3225.411788106465 1662.5613519083404
3811.4032102341844 1118.295008643594
2136.172928950234 1061.1287807398674
4739.873742490854 5456.104928392944
7960.532299578984 7.922299834652868
2191.0619784290006 9159.220415387317
1246.9859654262327 8061.476755949484
3144.911264937238 8986.096724752715
8881.118188151931 7197.530573904518
4126.275823966844 8755.892367217792
9931.314693861592 9425.650892100173
2592.3443521238532 7812.677686470498
9189.25588861979 5520.38037259609
5274.046284806252 5853.637667859879
1390.4639152597354 1286.8756224294887
6360.822754751698 4601.937495452746
9952.93100308405 8232.083970532134
9579.847182932073 7093.189316962961
3584.904424282079 2683.046079698418
2523.1979342366117 1016.779528365137
5207.3764079305765 6021.410028742635
8535.615737209411 5230.32376862988
7113.208437762514 1444.0680648643965
8124.931629752764 485.4306239047601
6471.65825909619 4860.706058301526
3855.211256486333 6256.041451325662
8102.168530134603 9718.552032795218
883.963057764231 6049.3840597449325
1381.2827035475295 1563.901826176727
8185.359976501145 6728.877147931464
7573.761225429689 4836.816432851254
3677.502232827963 8050.750608944593
9075.7101372649 5421.9809748934285
6511.947321614108 6933.086267768368
1395.8309284289605 3571.538039994294
6634.136202734958 6653.224397148444
6657.609433685347 8942.439353435366
9633.07524505279 734.7854229778727
159.75512907342116 5103.6215024335925
471.0297245813233 6293.499381376776
5151.05112988456 3566.456260033605
2075.97600354572 5338.953468855812
9101.406335790842 2839.875481405961
1651.6883153575036 7837.332800011112
77.97639815579905 2952.9608352840496
6724.832636507657 1113.36573463528
1830.9171828918213 6354.227686188749
2377.47260680206 9490.971996743701
8606.831391409354 1028.102342566749
3359.554764491385 8413.846604028402
4920.917085996482 6312.701209071973
1227.2208809023123 2875.867282761754
1340.9433705722618 41.1554437626549
617.4387604497444 3179.9749545841073
9605.504611669678 1807.420592339536
2720.542943967872 7793.153036610203
2047.349284140011 6098.897434315501
131.47260350181432 9518.795252333435
3021.7745760907987 6509.466612147438
6597.815515297884 9755.941867810077
5410.817522093242 8221.160571150975
5534.787340397785 6927.357949237963
8189.368228993228 6356.105749252259
4696.058427772667 1366.8859234928254
3257.975049247377 3902.2136769516655
7107.844239182417 698.1486071912657
5233.27883706435 1216.2112957562654
5866.122030582145 1307.3965756702964
8870.074932759699 4052.201305702394
9569.012210348004 5940.852794823722
6792.209571642745 1767.590523571424
7591.258388529096 2158.5503271914863
4052.810636847519 2345.1269539489817
680.8762384154832 770.0216117914927
4855.5984691901385 5698.060043502988
5926.62595351654 3681.6444534575967
3645.3482685439963 8393.637044615849
299.8319565446239 3420.869991916515
9050.459789906841 88.33974779696052
9344.340130644858 2878.1246700431852
6948.8240051695775 9961.493388727748
8302.893479943179 466.38957627083255
2249.919697999605 2420.312659741205
375.21088804594484 8794.391336706036
2030.6947514048136 5556.392820636723
6056.786102529 7618.322243375562
3219.514355879589 9663.079779645912
3289.079202311768 4445.093282313731
1337.7468982988848 5756.621951440629
5506.6323099203955 5438.799684829672
871.825339405653 1010.7877384770392
1575.424828818187 6120.798658060509
4447.476258641456 4280.330619309008
8120.917263439968 9144.605480311435
9602.048469471109 665.3946138975364
2360.303053332763 9001.91990508968
3792.72853182919 2826.1570492263245
9684.555789027503 4148.277816526942
4804.853027585163 313.3618614062938
3901.046361212136 8954.191327126973
2244.4888207848335 6901.912883166838
2577.3080107826195 2802.1652691123177
7412.379496070155 7359.09944467203
2162.9871545683454 888.1715571833082
1078.939968247672 7835.276232804733
6675.199748538851 1450.1167532810323
5640.827937393338 7397.935544941656
7989.748938587835 1437.8753477880434
6977.372860117236 8237.36238002378
2244.752448887073 5658.054391339696
4617.293022458705 3574.327088859555
5594.443588109443 6520.298902743338
6036.739842051695 8927.562807004457
9961.674315933238 6942.643504543568
642.3609135021624 3935.246078184449
5660.638582824376 5017.352514703613
2358.862756647908 1746.3001935274392
4082.385126593786 8496.745245953181
3293.2373212911757 6375.753603689722
9772.295087266952 6420.691521810142
6062.095447657786 9959.271995121266
974.4700752503677 4613.887229406004
4106.492796616632 2491.0730852093775
2456.90853916624 4237.9427638166735
5715.702904223605 588.6141385655463
2481.3713020704577 6304.486111521465
2240.7291426016996 2727.8283354133714
6139.049731633904 1992.2871973716715
9247.58618446611 5662.371480693722
8843.867768369199 9786.520589650048
3951.383301226403 2942.10103597513
9412.300822499297 3878.338090779153
251.03122314001914 3643.2739773464896
7280.878563509266 6661.148096335967
4348.558896747948 1912.2585950087057
7442.369074619889 8842.631901764296
3261.64499676718 8913.480001839203
9891.646337310327 7255.197046262205
9635.601618906256 7375.0001036126305
1324.7863847415108 4721.066360504221
64.86711786748201 9988.999094955274
3385.2851843779677 2314.7568267069228
2170.718666731445 1288.4410071246955
4663.916292940623 1146.9568919459261
7701.663300190696 5427.2109334863
4086.824255591066 6529.275357514202
445.91135756187674 6764.844611106264
2498.6037646891677 5849.4802246957315
4084.608800205531 883.7500393164644
8666.491777826848 3487.2479706924255
1468.8900115627102 2856.4207802660444
7050.459862561424 9793.155381021676
7361.150668923343 8202.110923517164
1122.1517558407756 8863.418046259118
9305.289721599123 5419.004265658421
9748.025040841434 6529.485585247597
8502.966151854358 371.01872612765317
3104.5553287286643 3291.6856178548305
7430.214029118884 7606.1124718588
2324.017061939262 2543.0684164693353
264.1644050335057 9966.365706795446
7793.541111392409 4088.731924848128
6583.573086912114 1524.178529292669
5810.926578484622 6897.318351448428
2413.44971800161 7435.589755005032
5176.3451353898035 4889.552111983307
1841.5299328723556 4620.4527168963905
454.4953818751818 4201.529472185703
4788.044574631192 117.80203407788625
1952.4294846417768 3979.5202667321837
1632.2212769502298 5691.866136353826
2889.6594383438255 5937.690262515244
8678.879551636288 8088.821793939568
8633.336586550355 4801.5695072533745
1950.692454319105 4514.7369063304595
721.1997839737661 8808.309860590096
8234.890298388273 5233.522948610824
767.1992523822324 9748.770161051187
7666.435482981332 6409.626116763353
989.308155677705 8067.920494489335
6262.6016954794195 2911.6464725962587
8637.588372395214 7501.146127051245
307.36138528054346 8150.687791136838
1365.140081198445 3329.660656468476
410.23801370046243 7675.1614090897165
4492.5767909326905 5028.798145564701
2388.513208201393 7783.385067387809
6654.091752391707 8137.481380273432
8098.635699342701 5586.4169050665805
7413.957420397895 5471.793136971874
1656.8429773616488 1779.5003589178127
6333.02475255909 2470.1350694003577
9023.24158111517 1814.4631606551975
7927.419926997213 6016.916720034473
4918.983811109857 8805.658530907389
4067.5116395108457 4554.869833871901
579.5839254738532 1491.3076562092053
6406.248430435831 5304.231967629523
2073.4178302831074 442.88635478212603
6166.657923083299 9844.885840261531
4513.291968561325 2737.4696512994733
5858.7471081246285 33.59897318091942
9457.014913948255 1584.8853460282019
8483.383874637166 5901.440995761801
673.2187979608406 9703.728106188191
9800.255857839646 6163.150384880699
1144.3969002700248 9683.115431652894
4719.897236411433 2294.2747483778226
13.447881383591431 3303.4712831254774
641.8834515996052 1086.1083633118596
7448.03184864001 1939.1705271260141
7098.223731173052 7514.9373407011735
5989.149116831331 2915.091357066546
3559.388688446945 5203.2810730820065
2182.186558885866 3387.594510202641
7358.0403525976435 2165.099968267434
7061.250377799546 6440.267471765422
6136.121600295629 4215.011874488956
8604.218025843644 6884.362531686948
8661.779689162091 7592.080295978212
6887.13538947864 2699.9481798461757
3616.1276082195204 2254.379468427581
6112.503573244016 24.707906262144697
8770.444271126267 9003.659618748816
6949.947761653978 9412.345556382825
1388.8403576637008 82.66850401626336
7492.838440486496 4920.458978118869
1050.32699882317 5571.1210292980695
5901.062088109768 2405.663478907871
162.5854688058259 3692.3157485021497
9421.581028358056 3302.2038290005553
6966.3280848970135 950.9867799787075
1326.3190829606087 5595.0399188211695
3001.0597603781453 5351.480456282156
5267.386797077731 6028.417074317811
8174.673638113388 8599.83684308484
9303.883752578085 7958.495357025209
730.2127397382363 1712.8146130300393
590.805658760002 9227.684980208647
1032.9237609436836 8665.635573536665
8937.102703151932 9387.552223986966
4517.653013601951 3434.9381663013232
8372.403995272656 6185.603981066129
5263.27927164172 8544.864470909679
9950.456879630854 7163.227007118721
2358.4160509136996 5272.929004181275
3749.3089035579997 4024.470741403775
4709.909400636564 1917.5152095096448
1946.801022876049 4704.689727405565
5819.073489043808 2045.609141192064
1024.8575399124848 4136.464642610031
1704.5141604757864 1992.443054650963
4605.931830859717 2803.1552328735875
6800.256511721943 7549.123451370765
4209.601323605825 8718.835387414669
5034.019269764034 2324.241226936101
9043.076725239816 2042.6683251610423
7089.38609196417 6390.31507311773
1745.372683018157 3940.6957195338578
7415.367007034135 1436.071101738864
6912.506533268752 6969.906749999908
443.8649380433435 5858.047732639572
2264.330966619107 7927.071293294669
3305.0232064712172 1506.3883562180224
7917.5341946482395 7094.014378100064
3455.3289192433735 474.8743597747507
6378.606864719769 4281.093749456446
8594.621728100985 8039.237216407716
180.02971749241925 4610.388113532493
715.9558577424996 3699.3325277374365
168.1102608483853 4533.760274261653
1811.5143916054656 9245.239983593287
7987.337582376981 3358.6824030146877
3262.5363563517494 3044.4599179761813
9022.44943621327 7447.882601519209
6827.830910146545 7755.657394283681
4962.568480822241 4557.307599801714
8275.642562669922 4576.594289459249
7994.416018325267 3716.127428555822
5074.924217758864 3513.4908002794928
3603.574768210175 3704.2216805884664
8080.801431760609 7792.812547981164
3541.300691887331 2633.693479642989
9404.772808025707 1625.9744939509958
7662.8766692708905 2973.965022455142
1028.1090513940494 2464.158511154808
9178.580722314939 5037.070753044982
2278.3776274987354 9511.73379752811
5695.806770195576 1024.8264342529012
620.6956867130098 8238.020783609303
1517.8830347442008 3987.1547442252477
437.28520773389954 6171.642933884072
7174.5041641696625 1753.865031641313
7875.154578629339 2905.456138189352
9406.154287846843 6820.587932411378
6665.8597246703275 1579.6426354425341
3990.9384571091864 2199.1011742129895
8441.29809762769 1573.8326015685677
9470.551788170631 6199.724917053211
189.85609263043045 8534.682121889893
3794.627031317145 8719.221091719837
6811.268129127382 7898.743247925919
6069.20313521371 3118.7985427548424
2497.697355302432 1651.8958927800008
9310.91734532618 8485.502482021295
654.5729808579492 9846.794846496252
5753.967432625397 468.97327639720544
1532.6234809724826 3525.2164765555126
5883.5670938506255 941.5854466305185
7595.085459388382 9058.64008602712
3817.5093249437564 7334.382992027841
4871.603432036329 5838.353360434463
1531.0169293056863 1001.7775858913003
4122.304527813023 8280.120626691572
7296.276417293474 388.50121400323843
9151.240641975068 8657.790691175462
6906.126064143682 2106.0574800272216
8469.783838712105 5258.0132289530775
9361.79334739454 1162.2767854857675
3297.522890136798 2453.840668676962
376.2442431701829 7797.398264034247
2035.750091762938 1093.1086042751604
4424.057603353776 1126.5915309109464
6778.274244584188 7047.6956596285345
8514.96446423715 9223.835356447335
434.2075388289235 2940.6604243391444
1113.273034063953 3846.869447401464
4474.391574258843 3359.384319405885
5997.581371918819 5023.72197413858
8933.285787477102 4430.183671223343
1016.1862174828929 3626.8313429688505
5090.6430486737545 3629.6384092683275
6745.259269555605 3950.978244523162
2320.064399981586 2812.6500987392888
6604.290938484714 2889.6459695040066
2978.3299136470055 3042.93781072686
6193.357332858513 6115.31180043768
3862.4846883067976 4734.889312589918
433.1140655393728 7120.520813279541
6574.210774648909 903.1502534618896
8343.290437845055 6202.681364424356
4433.177419638229 4529.4231344668815
4205.473058990949 733.9854882366348
5896.001109845037 7361.754567641874
8075.330222387447 529.7935069549231
3438.343695133218 50.56007676713436
2065.70965375795 8549.897623421935
5451.253675432161 2205.385879726263
887.055860714201 4703.549397019018
1003.046593793474 5018.778173381525
315.6249746175666 9061.399536986166
92.1689600523956 5836.28874743349
510.3569068466796 2334.568463362213
704.7541331266204 3373.257665481614
9564.837003851153 4894.2979966281855
4232.079526435781 2679.9053413292904
8466.049164458114 7535.211474349925
1894.6489843495494 9047.438069210519
2833.220651378531 9109.942517499596
6190.517183570422 4343.693793208865
5447.89687947537 3243.8790142149496
3571.376287029957 7775.433615407627
302.35985715579505 2334.0463152515335
7350.19195106506 769.9668599938203
3028.52693990731 7166.915651676222
4871.200832178274 2641.264537427922
9141.841401750693 4049.655026047053
6575.387236070283 7932.245704834696
1300.7121362878738 1977.1772684115897
5205.507676111075 54.84037974234024
9864.226905617214 8818.754326348684
841.8326334505377 7380.078957160722
9837.915288809354 2125.44315279144
2596.27618058349 7193.8608199948885
4704.55916844782 2470.9933320037335
5584.727931945042 5251.296585632987
771.8009485103584 2499.957896071349
7043.795800590819 5273.929669432259
2403.1080789107173 4038.1299824720872
1446.1452614576065 9819.942173393074
8005.261604890577 9145.308260193742
8274.701685173168 5578.879720476056
4495.187194413847 7702.74231289964
6813.435053528499 8827.072910391096
4163.544978080289 468.3198519234621
4422.293008664452 8817.84476769577
5169.133936759322 7003.872184121396
9430.013297747693 1999.9683451065087
4995.259646311632 3530.5830337233333
5322.220368354348 3327.052420527713
4875.713600633257 5119.212327681687
9394.991783944777 9493.14714958576
6078.354725126633 5132.128370447984
5200.818329642621 4620.243800591338
9707.208822075494 1180.1562100992912
5453.152074059411 8961.05092693233
1185.6335204109791 2602.697876360709
7875.4153607978415 2592.944915294245
9192.385442952205 4138.428873946573
8318.618661688011 8767.6464165373
8525.401413099862 8109.158787395164
1565.8741293814937 4652.036973611113
8965.894649743577 8921.552147938251
6978.785073582792 1523.4651941339794
6068.5985280111245 4900.025581131007
4687.022193463252 9087.180323498036
5808.925935261477 4161.019961492467
1042.938418136302 2626.0553270249443
9585.000652305687 8470.888469088668
6977.103388153858 2969.60058151148
5377.548182975233 2486.934972461632
9740.829075271786 2788.9296403861686
3731.909551902216 8197.395666579623
5803.203679994043 3657.887779495226
7801.00629717916 629.297987945141
8829.135793115938 1248.6252760690154
810.6271531172315 8889.564023530273
3144.8158720392717 9931.433609043992
4210.155201229235 2869.782132095432
5634.422097907801 8782.403928220176
2329.974221205895 2497.784185962897
9558.034855811598 2464.7973722761076
6233.871651168682 6096.892689311465
9332.84717888899 7143.1795259668625
4787.91244172128 9378.169645421618
9020.956124757926 3182.5404236627664
482.20185280724803 5244.012591242054
2699.601398234045 3676.7289226548505
8230.446666957481 8642.286626804887
9312.420665112411 7233.925430415708
3319.1430983348637 1574.402358965409
8244.486449409234 1573.2802109120569
2229.591265456202 3879.2735066222804
4680.8776614134595 9582.251421827963
3850.006668346646 1165.4853565586654
5789.4573370956605 6988.673656200768
5147.005373719778 3592.585825005342
8452.307558856353 5456.393106754674
8701.189856663434 5341.500873366751
5826.0164846879825 5227.645228695847
6178.716962239259 8017.90371038327
906.7887688418097 4208.77519051278
1798.4407464691733 975.2357334170747
8192.527423276288 7812.086014966366
7110.5688496783805 3254.22083358784
7459.178056600255 7666.712878937679
2087.4271669095556 4659.172545339353
7440.0793242375275 2922.7677624113035
5271.795449430825 2360.2107619201374
5331.059452308577 9630.54596863701
971.3751612441091 4786.557130959648
8663.827952453119 4272.154663810431
9357.478532883099 2433.18709484432
5817.66451082128 2060.9095584984793
9518.709760288639 7008.724522051033
6218.001581919346 3043.6759072582877
7555.151202156333 4144.083598213466
2969.1858593666952 9730.968702425498
9161.830198184107 8608.365705254191
4065.0697024945935 8266.37601760939
4225.5040571337695 958.4076913669226
350.21977567869624 3766.339468609191
5842.46102527182 1574.8037584825026
8720.567973713649 3013.0362421967816
6298.028538599979 953.7944423344202
8777.071164199628 8121.155253243533
8959.660378121996 3420.8054950687483
9847.906586711239 1666.2823300452744
8913.613001721757 3055.2059667238095
2161.1470100284846 2959.6390798823436
7479.067937493134 3134.6447955214408
6550.79112166468 3279.0506897135683
5397.072123630896 7978.445387012979
779.4162964573981 4887.961199817523
9698.123266557954 1113.7471209154926
6257.675326105632 2769.9651512570144
630.6903149379539 1720.6508202423743
1963.8871519295642 4739.289789848624
5030.169778064271 2302.3283693572416
6728.3851254907 5112.805356073716
5195.42492879044 7069.163381906479
8352.818169234397 9352.847877225857
9238.288268227041 7250.509866764616
5541.619746474153 1267.9147348688734
9065.07609932688 1013.610170645155
8085.39149636185 188.16371952279476
6390.195014433587 6242.5329802839515
5510.818052585065 1670.3079634898331
1691.1169179070528 4375.893621458526
9977.467630310457 4429.874720619969
7495.930630627058 8106.356599228921
5861.43882966154 6854.487497318551
7390.372710669812 5723.583327970395
4101.661008568486 2392.9102906527955
3996.1342914735974 5747.403609818807
5810.885301993828 8019.888888938379
8531.231016562886 7270.493143265707
2862.6791484029313 6691.401379171361
9949.653092697894 8015.421351110625
701.5509388465601 3703.1636335832172
4669.221087802748 9951.533819886825
3143.749101468755 73.810000427883
5632.093911143063 8264.637239408761
9260.228185189231 4003.19883691593
4834.429614333155 7836.31688715888
9077.111684580903 8653.075828353554
2319.5097036116185 3133.9303867395283
1061.859296278591 9707.067728994127
3672.227276776661 9421.718576371819
6543.825980035599 9762.362736497163
9654.964006905258 6455.259507870937
822.9982058890273 7325.93024426537
7720.633951603566 8609.902521823558
1530.8156006873141 4231.181008045363
4055.740052708795 560.5255285815169
4259.8581571438735 8674.997367278927
7113.740900197739 2443.0743622807695
2046.6697842572646 1455.7871591707449
3511.559007559426 5836.391741379359
763.1288839838135 3653.4958611471434
1119.6150306655984 7721.987014064715
8289.161854202017 5819.797220260213
7920.490268756935 3901.5129341494626
1774.1754051227142 5317.77935135201
2157.082386678766 6417.620585370498
1314.179865990136 4498.976340160882
5004.011802498978 8933.961467935302
4678.93514328099 6796.5009747233225
2515.4263890896755 1447.526038172008
6287.150278706014 7924.309783492049
2937.9456819798856 8655.108995786792
4867.065334216563 8985.924104896185
187.28525727184976 6222.193350131622
5705.341053723235 110.98845179995598
7004.00988008184 4575.134607880383
1689.77173103822 3984.169804861981
4816.133770211411 7501.122535173345
2.4506118191447435 6477.454056714435
1920.6653532688656 2036.143992213051
8259.524310363633 5119.528140464669
2744.665960172816 2920.411819727452
6570.673159354018 1682.606145958081
7283.06977655722 5195.628560102903
8966.569749837365 6549.602587515525
3110.7976897467715 4241.2714727832135
1894.2146401625005 5478.424367030071
6703.754750510189 5916.6426310142115
7651.689951144638 8837.39336661562
6555.038888466702 7611.310686809852
5814.510314652601 2337.9372495932193
7587.822219589091 9306.872021648573
4346.3781260572905 9567.810284764402
3090.8939568708984 8953.949966007374
2005.743135638538 1787.5955455770675
8620.272740846955 3226.3879510535476
7918.087176380431 8917.296550116002
9016.775273007033 4930.09708877453
3998.040173374925 9157.961102935793
5361.868408427643 827.8160216632547
7127.456480795464 1978.5036109184707
572.91582845862 9401.805621810998
9366.91741707021 7365.002037969467
8114.613933652541 5638.063804542143
4352.866775210632 266.12068116771303
2490.8512685686155 3484.340387423417
6868.274274475988 7091.975297284669
6366.0640956938205 4221.607887811872
9830.362517649217 126.08781192751107
213.27304814270366 934.4420970872858
4498.5108746686665 2481.6229285699196
8308.331728821411 8996.158946972275
8566.688951488157 8145.422525403476
620.4650371890641 1426.7200771042521
485.2203579956305 8759.81994326133
6361.509026306442 998.8529317787476
2616.889995809344 4047.1727477642917
5523.0478360582665 3311.324434023787
5366.562104963271 2081.6807714799625
3567.494890860099 3532.0878438933955
7777.777668306271 9399.01472924235
3714.0994472070897 1580.6583697096632
1148.1266700368697 1971.786028819742
7233.276003770746 5471.199900254853
9232.837622135266 3118.8295946486733
6641.4744778136055 2010.3721758768468
3163.5745942748563 3685.349195518214
868.5218292092023 1352.6573710869993
4863.732798293472 9206.954208394032
8553.216741182383 8483.482123286636
2476.3044238245047 7758.825810858081
5367.673519683358 4125.532493806407
192.0557517665711 7671.543922290825
530.2287671265549 1566.3708240214823
929.620378112479 8508.712482906083
6420.733259322939 3104.6902922547038
6698.226019477796 7069.974479194931
4184.0797767338 8150.700785348628
5753.037598564268 3778.493085769966
6786.2889616484545 8659.419515262247
8146.378418032801 8477.176301001804
8628.924524957492 9095.776573666853
9394.09134600991 1033.5180654395515
6878.542787743392 9412.447628238597
9553.002349108428 1015.4843723268592
6505.6304994832835 1839.0039518003832
4380.8678034807635 937.9032569719114
4209.746769397172 9109.055689803054
5559.160372516982 3979.0124352325083
2133.457244942871 9314.547414070255
3887.308788406285 4184.303148180049
4030.7046087207787 2320.3725375661757
6536.3609907221335 8968.544354810749
4053.2535611884236 1940.3423095319372
3437.538226590674 1166.1882620855745
9467.246555110809 7539.345439404887
697.94050399551 1744.7469459639874
3786.9138899028508 9308.877772200884
2510.4772265563433 9412.309745402583
5766.9093066308515 8615.622280445517
2834.1297928938557 9693.08862411327
2660.9292453814724 8448.697581676348
4360.265078497067 4669.351234716912
2165.43745672508 1921.5871546793428
8672.757420162145 9451.093269374578
8330.869492852917 6451.204289097858
9751.217598821788 9036.909015238454
6622.429299856405 3365.1176921282654
9315.140321025661 9326.056868049267
3289.031434655453 4801.380494429945
7273.075040922573 2160.0928202996197
7262.540275173825 9871.91385046531
7782.563668962223 5567.22488234004
2479.1744043083686 9597.221830898488
8803.220580538517 6741.075987283281
7314.041878171348 1935.1156651412182
7700.868639111867 9389.017222792127
1695.5864773444318 9956.584994773973
5771.200299921301 5200.0771840670905
1769.7308464576965 8294.098575395576
4890.279577322015 3947.9601614875805
2684.510872411865 7729.137017634328
1448.5942203599889 2795.2444164490375
6348.625608240404 2724.5010668020454
8450.254593966347 9785.896607644554
7128.848351864133 5268.517213437559
7750.397185174816 7461.500019577827
8391.178476408724 5304.135506755812
1114.5128804672622 9919.901320527828
5169.020647229468 6276.311439477433
2987.8318177755227 6418.646975411537
8542.100222540383 4851.9714464236085
1362.0211526539806 35.35526325248783
3282.1544439451945 7613.656043508337
6542.447654354625 2383.773842831309
455.2756073466402 8094.103211891645
4694.33641826661 7519.689595711592
4950.315559623336 9066.161975724179
4488.273052827396 4014.4407453923404
6348.190951490437 4438.198922321547
464.4954633499454 8239.275439132312
8694.46167372644 1756.8598941836733
6183.277848972477 8117.846538909373
3050.8308775732285 7043.684959056031
9582.313600097425 9165.872475632072
293.88815445691165 6385.529046637338
1727.0672800274344 5041.085570185798
3272.8406386718434 6097.660659576619
6647.46466371955 3948.9313001810433
4777.299802117004 4801.048965861059
3396.238977571052 3918.9294796322183
1385.0180360132847 4470.755162771729
5776.129141517653 6597.040412442367
6695.989590253563 7939.984905640335
3016.5200114866543 3382.8469607806164
4632.424888045989 9118.82097192371
1119.1516930921186 9748.543419624939
6248.028084891871 9420.111714140936
683.0816803904038 1874.796879018531
2678.4263352745406 228.4412549530479
3538.313613996279 5559.104029347859
6240.305283453512 7547.836157410635
8900.788212673417 2169.8581395407277
1686.0257475868789 9994.213339902806
1233.9934165730638 1047.9328761806405
2797.52471313775 9568.413554078288
2974.5654041239923 3795.5763078854156
2231.917169657064 9791.845821300696
8509.69581775202 8483.026996175478
1952.233516909555 4395.527361654831
7343.893299418594 8654.838033760705
1201.7878527594662 2565.5334603953484
9578.445963050322 6304.863372502419
4429.666240559853 4855.39309802707
7097.366192184005 5643.866704928043
3322.097334744638 5274.016655082319
6096.834518407851 1766.4817012672152
6486.717781848782 557.3328701111868
5140.547410717153 9675.346199456986
5914.451380539894 1142.2635371047918
2867.7263638988184 9635.578549437858
3563.8546530542258 4467.296151271175
5487.548697200119 8158.084019133943
6085.29885365217 9963.847714950505
6760.171235210824 4982.368528399082
4577.16185524816 8804.682131125835
9785.33934240666 8928.275306305366
5472.319536417366 6834.683536198733
9333.032185276374 5246.910867945225
1345.0592931939298 4334.99207671658
1502.7211723494227 7084.6799619805315
5121.925475286203 85.14781791744808
2431.112861467586 8558.170113705506
741.9960486303568 4312.819086412653
1509.209309731867 1019.1853649081551
2548.0483599325275 7705.737427381052
5591.196876532874 3472.9092644368498
1960.2780891261862 1438.3112080956505
3121.853240730169 7977.755165947727
7847.2612028708445 5379.339092206517
3812.211815697082 94.06783558231768
4014.2956038705092 4515.486887872167
9003.388264979403 6597.737921637623
3929.5505777414387 6342.734645976014
5437.146122484928 7840.4726259813515
474.37012829117276 863.5275535491727
7358.524327350207 6083.823405135805
3733.246218052075 2312.110895886559
2036.5237120255597 7263.0993195804285
6866.554279838867 3886.5270331215916
618.8039543963841 2683.0069998265694
8855.428580015456 3104.3762751903882
5177.242290227631 3102.690416643692
6930.70504481611 9052.859731999159
8145.785999593431 5972.675082099138
6903.202952246798 9539.061167751417
3532.4440647919896 1971.922527571238
2780.0241013127725 6225.491472737029
7228.114153379611 5894.108337377465
1931.146015666695 8594.448106110243
982.2604094732945 6167.726289649624
196.3677365608185 8687.133843216274
9421.608490379913 843.6888705989054
9154.049141506259 5820.43082952137
4765.937612976395 4188.287620439654
9485.368040245212 3075.9441777744123
4420.6948274377255 7038.683754620482
1206.1566308399986 3.781125149153741
9118.150841812829 1713.6200860437623
5102.816104616866 2884.836645679514
7737.365898196761 4041.8982957264393
1226.5072028459922 1479.1164604311357
2107.645473211347 2088.770101042826
1419.679967090145 2751.4361052620984
4798.529956235301 1441.2218868559257
981.7611752481891 1568.753054367189
1461.3273889305244 2064.0703294128216
2824.612221065087 2060.3011177351873
2437.492505527118 7390.988555797417
598.2085321154528 8857.237415697095
8507.932885104965 8920.00487418446
5541.999431590938 1346.0454550124668
9392.272870005518 6592.365708749841
4026.5330466497453 250.51138972786214
5394.989283807165 835.4126860376588
8142.671313978593 1807.5737815814919
3687.6201413436547 2031.0975313558067
4012.4322231380984 7712.567502660597
598.047531321162 8039.40075425338
8497.376386814036 7542.589002676596
4064.7251388620684 5712.7221733591
8563.437910947208 5449.76684000458
1252.205403983041 6537.858912402059
4136.999037108815 7649.708032262091
5749.546556035937 6751.723410451731
263.51279863966795 1400.188665420501
9369.856172374275 306.25543706571335
6592.677857487452 9919.303482633799
696.4816977337629 7810.777748711416
1381.094334572791 6130.287913570069
8359.118388786379 5715.956954657613
1806.0495426974776 2453.681136188417
9692.46940806531 642.0758428899798
4761.531957707642 9091.47340481503
9665.607222275572 8256.14135939982
3662.4357599942546 371.4663810654939
2138.753664234979 6072.273253936863
464.0961482104788 2978.725191396898
2368.9397769551856 12.25343016244218
9036.72999197348 3489.766927129829
7552.341544119062 3365.252524208265
4051.388465624942 6379.106965921431
5108.315115827564 8249.703891839556
7789.976507422753 1875.0597355650823
6128.93587245236 293.59069524036994
9695.70427903276 4408.6356117381265
8401.732103979763 172.2308741068157
6950.263286389197 5733.445232210786
2065.999461411191 7268.80268296485
9510.857983266571 1986.0326160086406
2876.137151128547 2018.2749884516682
3882.9061803292775 6414.750581161961
4173.818318624486 500.9725857901892
5954.748462846191 7237.868868803822
542.6414014097558 7932.594935000854
6746.415720427955 8306.181864230266
1104.4162697407223 392.35274977770905
6435.466554179242 1440.074700559454
9505.978771067612 414.8838699943325
6375.5274320497865 1039.564822949094
3959.2299049601334 3152.005905988978
3659.4315833860546 7389.060928817276
7256.750189354688 3230.8293973210402
323.9012081811543 8521.787937568932
6610.959125772807 4867.188477726503
5266.258308610749 2432.8603389672544
7104.957675710884 6625.321026625525
3921.2292671288697 7889.7973322173675
4855.20143650829 2606.720914365339
826.1589435751382 5643.067431357668
8941.3959197902 4464.081570213454
4908.406067912581 6466.083480580393
8868.842890763483 9388.579833409714
9962.763266442598 7247.692391010535
3214.806246045486 8628.539697640153
4523.384846819164 9243.536685583253
6351.747190716556 5635.561139735996
1149.892992324577 490.31051853557494
2154.130491759474 2096.4605665086533
1071.3620379239474 9964.17099663407
3738.2414479463687 5980.836695917361
7208.925292542737 5673.611643159831
9759.327757919731 1045.7755968533988
3037.034360122549 6892.650188421288
3539.2882355593724 8371.25125892021
8440.54195257554 612.9790315342842
2107.148942105589 6069.01569156779
432.49498511620857 2523.0371183942525
4834.242799733701 4849.705680272905
8509.514740514951 7362.704920993459
417.08324962135055 5742.990788600419
5607.216147213917 203.75959245096942
1642.2111513807392 9806.356678498534
7645.649074948703 5420.409015091312
4656.808581342192 3861.7066867344397
4508.967131371868 6237.9711865594045
6409.972117534383 548.0936924483638
952.7710996440608 746.0862104388955
7809.775103019721 2160.287993843777
7055.379715077026 4632.933233228157
4507.802933956079 4470.247842630131
9383.875088066372 3797.6282618472524
2017.1444144380146 7716.228051363735
5258.267964466278 7524.426893449107
9363.415937588441 3852.4074968123236
460.2007181446077 8146.472694715253
2183.9339254825195 6437.086892031374
6893.681904492804 7450.342324205091
8430.018555618904 4111.101407395968
9105.254740005821 9473.31613634625
5680.05643498156 5910.495263704891
8846.467067889278 8333.626398969662
1292.3551225629203 148.70731152215265
3043.0129266287486 9527.60530060223
2343.254755870374 8033.011676135861
3070.6762744430325 3596.387626916456
1664.6770692836487 3910.7111042904107
3578.4571774274964 2434.4821732162113
7068.176304125334 8099.044253429488
3508.3008879945532 47.88347638516321
5861.054921144263 4638.254802908411
9407.286235286954 7784.576234649706
4613.403684950227 1450.581734932761
1461.3009963824986 6210.489748941579
8771.081306385124 4564.608046546637
6577.947934549861 4721.601707225716
8117.009307635603 8714.056796419674
1599.3860624382817 1612.1385264369649
4078.2202133605815 3341.1810736578973
2431.4426242371846 4929.798736860419
5121.453109616132 6242.407879089891
5911.32353530508 1614.2674614933717
3684.977658930014 4072.3117986091584
5497.793095940288 5184.000852528348
7127.273918306421 7498.111295937784
7859.551817978247 9709.764490920219
2623.9222060053135 2111.6310041860975
2756.504967671143 8653.325347748187
4810.229008420718 7481.370030226907
2128.7548308344763 6654.0611899586875
2099.639819531959 2212.1456600231095
9971.82472190864 8989.159776870652
5932.675301267942 7970.12294390747
5580.428961545248 9877.968114629992
8642.23556246358 5051.3291888668855
5614.256195335964 914.4048966072627
9080.840695410558 4997.560621274558
1685.5253331665353 5139.752602938113
8148.527478174619 9351.835396529157
2826.1620978705746 3823.2419155477437
4506.797667864663 8171.978962514629
616.8505708565974 3882.0529557379914
203.3321276341471 183.7652084693331
8895.783585715973 9056.350077400226
8257.521744319365 725.7959380559154
406.85700779431124 2764.0144852671865
1119.4408840429414 342.46550097390195
8602.595540370552 9394.812067603385
7771.195188712322 9265.01226478008
3831.244551772559 295.58927524726107
7896.480705269926 9607.825905916923
9153.098142945126 4783.357927779215
5635.955804069701 7866.994255863403
4799.028407782164 4862.880196830399
659.5954020513617 5809.132808234583
4359.097497684944 7742.168955492342
9192.699534107642 1867.66323432196
5224.881668804017 4705.050879874714
7938.485656499913 8998.144534966299
2654.704693399096 9500.842329645298
4730.629350837707 3840.3158697798576
8002.580493804058 7687.6943145708265
6355.034060259023 4135.167210119953
4428.379542364964 1855.2415665934475
7789.120010761015 4449.484888258793
7494.265707505576 6865.467165380129
8698.467974155852 3480.0095767758808
7029.434232498638 5580.372660577427
5450.693505824512 4994.887337333405
8089.897576487419 6280.387601444756
4597.378648406202 2230.1431436138887
6558.467717445055 7639.744418230032
7184.931802549713 3471.5988606530877
4540.144024797494 6381.424653682663
6749.865657563546 7918.969747263384
4602.347207253231 3611.3462707081967
9228.258899526136 5557.205781587592
8601.808045629225 9680.877585183925
4875.5680589846315 7922.276885212538
9741.760257956024 7700.229198750663
5460.036405746215 2684.5990754059744
7327.147186415384 7999.01515747597
706.95599436567 414.84145907468184
8860.705160286987 3175.591503416442
1121.3217029082389 6940.85235044326
5641.189247473709 5391.960522443508
9983.596740032928 903.1443322904275
2125.204418438014 5078.882739494022
4874.972851815568 4495.396767048012
2848.01086644495 3801.2982337430235
5632.001373394031 3745.838203034094
8324.632854262474 6088.785862734138
9455.213229213361 4231.303666892597
717.915358737431 7201.25678628816
6132.189110230961 2274.8186078188846
8368.778338246226 4361.476511361707
1620.5197225437696 6073.595304302011
2867.489059705004 3959.9383700160915
8450.699965593896 9381.004298428537
8258.114954558943 9031.701622671215
6775.557945659993 6670.703378877178
8801.110918500995 7859.715730120912
4631.753570305996 461.21784294308134
1059.1269331339427 5778.909251756276
3574.6066600849013 5587.861738218822
7290.606843949165 8672.461056153368
523.9723802962815 9182.079788860896
2500.245380296784 3667.2715738491656
6035.162773095877 8312.852870082646
1283.7912955461218 926.5714299033689
1061.8889151620724 8764.65423288079
5596.661341875412 8548.53804263006
9890.981865835098 4600.503386885461
9937.587060707057 6252.24057795684
3469.877621524821 3393.4771885425985
6130.49215177612 9010.404629101697
3541.809629269561 9652.872364458768
7389.684678761516 527.4538445546972
7867.033677772452 5699.80583595837
4368.048465203043 2877.5817620260623
4425.0291626536855 8711.136046759997
1567.3901190782958 9914.206523041623
2693.271143090118 8295.479863220215
7259.150093220415 7855.507308732345
2934.3940664159163 9300.985316256741
6919.966127318859 6090.853489758008
2460.4029907279314 5091.70395825297
4763.058864632652 4369.0232827417885
2573.2849711412164 5583.371819837362
3598.987539975906 2801.5366193995196
8009.998487612532 1530.1796492890628
673.6473160971079 8782.665740337157
3254.211238303609 7037.2427675562985
1905.1678693387398 2464.9930676158906
3625.6945009383144 8995.261736843491
751.9255012215775 7804.48872506747
9392.131046171327 7720.853996602842
2226.230073228732 4742.3008637174335
935.0772982859812 8688.25580587924
3964.6737913477637 9561.389199975025
6372.967414252677 3312.542179619635
5613.222838475702 2966.368357388639
8992.498726336975 7543.143465910191
3499.7553845265984 9042.75460515022
8455.13630878715 129.34752636503788
7603.383371157103 1931.3874000889641
5968.913659682598 8960.700942947633
780.0755489112632 3815.8708405288367
7332.274348837496 4525.670949195457
7530.314024814104 8515.088945510766
7655.560951002125 2595.7424469870725
5096.667132315299 1192.3061838035942
1663.3036885199747 1775.4091192924327
8791.028745835245 982.9608830837211
3431.7597880953945 9894.56532826154
8187.3729002234395 3088.689796774571
3494.0833580930775 4425.467177216764
6161.824223789334 1212.4799174342038
7149.882265814049 4254.91332620553
4966.969671519549 846.8076571990879
5258.408131533202 3353.598596055756
6413.829620881875 2313.10457874493
5763.503874768563 7625.596557654811
4145.573211490233 2420.5309598448944
794.3747888319075 1058.179284297197
327.67343042374387 6857.1451405197095
1837.3131367881756 2575.0884480404766
9316.165952980635 2977.932153207501
3401.5741891741345 6767.821179362653
7647.135886474857 5855.984548051955
4160.379421946329 6117.0567980935175
9705.80076834328 9142.382549439493
4947.741930188318 1295.4057766256522
4760.728114233573 9387.303135329628
1831.8236936668964 3677.556043639809
494.1273677969693 2892.887030223541
919.976570367097 8988.993380423939
7653.5245153975175 9201.467230739625
6290.5101951412225 8752.245921129976
2667.0075141428383 9350.578576208185
9752.791251954754 3378.991594705031
7512.281962921583 5144.836183954574
2768.880633691264 2552.5121088023884
8780.636691952004 2074.283999932841
1485.1044597226737 1050.901952424056
6659.687322531664 4729.8187065612865
599.5598038000471 6979.69371057512
3734.6499447307715 5957.127321276205
465.99078006536064 7262.128826085174
6824.447594058209 2846.9405689027762
3416.2342948415835 296.55993332101895
9379.03437268884 3503.9277458180886
7857.106309565458 4843.980194286435
5245.764792148273 6863.619349271886
7113.7059586867745 8087.823858366569
7663.746725677311 9813.944725214782
9499.855194671838 6190.077308854567
4983.968004837062 3106.3366082466428
2350.9224610757597 9679.74421971405
2458.4252112956383 8186.43059419944
1049.6160346820193 5715.132066338392
1362.5901135426311 5190.128087110447
3046.453333733032 8600.812961078094
9585.453633563606 7262.165897174537
3308.0461515749403 6479.530598880297
8375.713459401588 2566.105790439822
2634.9721948310466 2153.38529947388
5648.047575314819 6812.681752212027
4685.822065847967 3939.0666607135818
7648.540553928957 9598.851308205936
3613.9107289356266 2141.9001901246206
5041.439021280087 4187.259067233064
1070.3645681035935 6554.027620820006
8315.8447377279 1822.3070342649316
2003.2943155390137 509.95686118419536
718.4202392026151 5643.455394482869
3531.391445858857 8017.279294233494
8184.227354154654 7732.753902744106
9601.82304974896 4696.033904202256
9987.260820017806 6690.422790256091
6855.735681577924 9828.854844694364
1710.0537378670067 6418.1127573559515
8587.220640235748 1902.9872142521099
7339.464529925493 6620.07692820763
3590.5157431969747 8592.385209971688
4882.397378534612 487.23540271093714
795.3729825750744 4452.819396493484
6779.127381826885 3827.3586425140716
2512.969355289868 7688.624596574227
5538.72346042289 1041.0473607398274
114.86137051925138 1718.5061501993127
2611.2975666155326 5155.28978094422
8388.897939569713 5175.603097509622
7201.408700830023 1846.768107948814
5430.18033498164 1092.8860478975212
5610.023499300672 7570.003197659481
9366.381895671537 8532.717347503713
6672.495264172148 9762.384635296707
6591.447317112269 6638.22317256626
4681.507461824744 2542.113510389312
4567.996443894745 79.07473191103963
4090.2930475084786 7158.655376596132
9992.269576029297 4508.717625275895
4629.919704667715 4786.161352544612
6328.280534254275 736.8525204946075
928.0238957739695 7845.423371569068
1590.994749843817 277.21915421225265
921.0345789911333 9266.43928944841
7662.421147225873 8112.96654014064
5831.6816918358945 7196.193064745305
1246.6662550427409 6016.828441512613
4364.710750202454 1449.292439786023
9029.451490895883 4837.483306339822
7344.207017148674 833.5859930617884
4172.797399784862 4895.126693615609
2422.4817825934565 8871.226864923216
8757.688918704376 1080.6615020204301
8769.226463030096 5118.137729624218
8543.322728118985 7369.156525606661
2214.611655945007 2283.687952760077
851.5560795635147 1437.7942710635828
9620.816593736088 9839.99224091012
3552.0230680760824 7744.50783222513
9889.005358223802 5471.237197781611
6100.141248806838 8886.168070241114
6502.959089368194 1317.5366373235743
5465.210532562088 8873.838120969369
7144.504301849071 5019.656243048648
6914.740410820117 2555.154589604981
7774.126461929798 1286.8289992100445
9897.05057998786 7563.776991666326
819.9790157234111 6622.718481522822
5191.484441182811 4857.579363995117
3963.4180620990187 5492.6625791115
5244.938155234358 260.9522165182532
4948.141236976641 840.7936933986937
7212.401554244222 7196.206825646462
6788.1500695611485 5260.700629248061
9973.644235438756 3885.931934483985
6085.613931387098 6693.025034009666
2630.1978133584225 974.6939599931181
7457.69745567571 4977.402352707898
6322.839794496598 2281.2867958701167
8297.98518415837 3210.1204974229513
2438.989062444099 2225.552292536337
9890.996989389962 9516.408781149008
6244.938137858427 5035.207031103837
5106.719268185612 4921.803383372023
7417.142663072554 7709.10300184591
8781.930700041707 5557.047572745506
5826.777665033672 8366.139957549334
4305.1912009524995 8647.34086111936
8305.84837767958 7997.165732682122
2307.3003326618036 671.1249145246834
5651.868496182502 338.24344060058075
6297.17305592944 2033.8893717566941
7234.047013121622 805.6265533269169
445.9552451124682 4442.253336036837
7373.693178334984 4502.115331163308
8293.085652807675 5054.539450919002
6400.825130548306 3998.1831201785144
1815.6869614516024 6722.620800450978
5905.274611551161 6961.287163610545
8781.221242989131 1174.551279430206
2133.343370104065 2128.400226765699
4929.275939495095 1614.2489321312903
467.0829983344826 8381.05801636624
6869.478710132213 1243.4736035424733
3374.2839566448356 715.296338141611
6798.8261178835855 5862.075438171869
2910.7810466158858 682.1416431652227
5019.845621069972 5410.769543981328
7460.928277118313 7140.066981314169
8289.584210860716 6227.656850881368
3622.6528030188333 54.81711353132579
6402.174720887684 465.4380789916923
7340.138460321225 6275.151842418974
5352.714107599857 4728.37829799461
4185.634612740564 6402.888329225818
1145.298373658049 2436.1159253733153
5315.915476395338 9888.090301386259
9456.824142622972 8334.034715857497
4629.951162397807 7438.94300848351
6010.9541967934865 2067.3240040159335
8815.866643033327 2542.271960353688
5259.848677181298 2446.1672595989958
3502.638342255745 4892.593191378817
1049.3839696143925 336.7044912354722
2949.731274680247 4968.0768103691
9305.380511099536 5748.163103043758
8109.651060512823 5513.003323654293
9276.931958289691 5083.1098062816545
5344.405436812083 100.50134948366262
1185.860513633683 3032.3002303902836
954.2537150311858 1898.8501143844182
516.0138685107507 1852.1921455582412
9001.410671861426 2177.0540184079855
371.1765350229468 8111.060441081656
8416.16147290569 5220.399545333431
1955.4373121200986 7140.567835820334
5289.979563024546 3340.1513043077025
7835.2760540238805 1910.1609883198223
6151.515140522132 6092.231790609902
6300.2286900932895 2177.3563535540275
9290.351626349042 1735.1691987681695
1924.6844619189785 7845.4678191309395
606.9541294307423 4512.01728822669
3458.5968559070566 1609.8962731685397
6784.202214731262 6627.213309901516
884.0581415543558 5061.534904580732
420.7447580520507 346.22633769421094
1973.5018692852545 8753.12972246433
530.5216622575049 8506.077677463856
2205.6191053950693 1055.2473472283098
3011.3973941543927 412.2451966180829
9912.12690588781 5968.023866278903
10.141850501677041 6135.637816712784
8472.439989871611 1214.4336346414375
3201.3097445148733 5094.554406570264
3801.50679592262 5054.592126598311
4765.139323773292 9759.473009871013
4384.794314165357 4843.068128518987
2260.802721050449 5982.2281921945805
480.2365964690569 9214.244008960464
5038.395280553885 4170.718128251199
5856.424697737819 6076.851742407901
463.0053530209821 6126.380929758499
2542.718771091598 2660.828478425209
9563.88729338435 1803.325576877125
1553.7727518500676 2659.099927359355
6062.401773191891 4057.1311311700797
8590.774839964037 9762.027343922846
7590.135288340032 8074.721505444347
5622.9043659027475 1045.2071026896526
5687.502424411429 6689.577718983187
1265.1483516116102 286.16151275871584
6809.0663995686655 6038.328069212427
5222.3502035483525 8681.858266030475
8215.605053471334 1220.5878060173093
4457.118479479687 2663.8209954826407
5214.387985089116 4664.135318574937
337.0576485693333 8556.818345067419
134.49468346076188 4245.083083389366
3517.0189867783583 1032.025502767726
5384.392917797783 5274.997746668243
9950.630465403845 2597.643763448865
9488.899637733806 1738.255620389464
7254.473130673885 6320.95099591901
8755.561985732409 9821.47048200512
3285.721172104923 2484.227988620468
3282.6177750652096 471.6915963250401
2106.1922559560962 5380.279907511335
252.59785030864123 2450.065800594203
2400.977743704286 3628.249435949986
9340.023516281817 2342.1269993012293
7011.13414751641 5906.245457969403
622.7284315503057 2170.0740323418686
7308.972024065952 5353.2029011348595
156.52605878781034 7307.020233175166
3706.98990079103 3017.6722029494995
8212.540137374634 1763.4815088579226
7911.832205909668 328.4802172118695
3910.7798747716824 7349.1835062335895
5100.996622270955 7492.559712425639
9342.544327245272 3587.253364225033
9718.969672434934 9516.679133099322
3044.3628745058727 6323.971576104232
469.0659162597366 6393.930273849003
1390.1667894103532 8769.186681750047
9724.350855937077 1589.5651024950585
1806.236754471352 1119.6921758606882
2516.33043861205 5626.857437884536
2262.3156857063254 7141.527850563449
8986.810873872515 1806.3596782220004
8101.87491056641 7628.587969647169
2578.4101454476727 1067.2567771203655
2743.588480183058 461.38811623502085
1859.9247820050145 5051.589225208739
6599.30077059376 5288.2945987030225
2956.5519630823687 950.6409729680154
9871.032592834921 2807.2175613919103
3445.3463189403 3592.9763306587115
8969.532848194434 3958.227398494799
9388.980564706324 9537.971827109488
3247.611902303762 9829.121427454404
2780.164041315808 6416.842264233682
4024.218711324944 1168.832676348739
1033.264323487124 5656.61810600643
2758.0622564822097 8947.95533198166
5789.797044399558 3672.8950537412607
6994.415150090769 171.15879743932248
6293.927427675412 34.52585960338372
6368.132111062279 483.56623358389083
2253.2968423316147 5768.779700566726
1851.1037690183596 8946.839689119977
4549.0255573148615 8704.491073506479
6625.961151626188 3224.1402840304236
6363.91046145615 3856.9793684773304
7915.057666680548 4092.960226565778
2271.5536362254375 3386.6336365932225
6346.047712949456 6605.607720772569
5743.720105650315 7242.6448538159775
8950.606351939723 585.1969246683952
4200.215948960563 4178.8371097025665
1805.2117344112594 9913.963285642776
5943.111129422332 3385.689185417877
7579.888724389448 7734.9005741588535
6971.3995759403615 8810.116919767594
9899.360464362157 2824.288621121376
594.8339994325324 4189.34604088078
6837.497045815416 5910.001555845276
7515.543648812223 9081.009100351177
2514.739524855005 6185.060881658169
3237.577240707307 396.46514644492424
178.09050093713142 5744.038804036021
1380.5787788248724 304.113997136487
8750.258536170837 4217.52742110157
8956.996108748857 6965.034546213746
6442.453780730917 2565.6314676974544
3633.576946075334 7453.867260027153
4816.155159546191 6064.621363050984
869.76460448697 3221.7052510568524
8153.044350070758 9076.4366979967
2629.7833694148862 8621.854153948552
8866.026512775634 9254.039548117255
9781.798350832149 1533.946986312844
9001.26348066376 9575.232282851188
4204.43181848571 8114.048817850074
2153.942977283965 2315.1229353386593
7319.925154512518 6757.823297068849
5266.744512965747 1920.3856151900834
6295.414038515636 3896.0102269299823
5796.985695790672 8306.969778802326
7397.652709814995 2634.0760601192546
5142.6279886527545 3938.4301404358202
3357.521452330091 9840.902510302285
8979.205234810572 2054.191392476241
5448.64863340056 4300.057337139573
6326.490038632069 9433.592067958592
1692.9447405484755 9395.0432194924
7214.113347165041 8353.089354643682
5164.271642057133 8010.963984274563
7684.410713112272 3811.645313776952
9605.40351684536 4975.666147217293
7313.346881836212 574.9192639323886
5845.202140681639 7015.631440654145
603.9860562216559 5705.277436565086
204.53168542797218 4437.630216702443
6590.623012797777 8339.865764609029
6673.30154467335 9311.404894873343
3013.6216168696337 4752.226527179646
0.747554977460485 3760.728965298158
1518.6783736665066 658.0691782546377
6782.945777049333 116.57359922605082
1280.4237373086646 7686.637575999154
5409.000824199847 2521.2493255169256
8280.059625782646 345.46519718180457
1741.433233734888 3985.227713607882
6066.691254409859 2076.1206883577975
5421.173845781003 1373.126426654947
8741.033816646697 4704.04019609715
7762.76481149493 7830.597167546452
2093.1574478192615 1398.58287328965
590.6905507023064 665.8411983231905
7824.406097190482 5084.403303954466
533.8813486265515 802.303255510215
294.41874948304417 6915.815755103349
737.9735659484676 1118.6595103841369
3118.2870276266362 1059.2887835810384
2216.8211211122666 1433.9902036998308
3211.713452839772 6953.11361144732
9588.696020583644 1868.6884238382384
4748.044268318458 1261.6769058177001
3545.309159996266 6492.194514457209
2138.4044389806245 7347.975258593888
8010.727182767337 9932.234701628893
6010.103285265485 7990.141277665635
5313.015331391731 644.234511940407
8920.183089328331 7437.6523778682
8280.627540227175 3582.5451096608417
8894.97230698201 8283.986220685058
8649.29840328676 5391.870841699424
1810.2670117411346 3456.271004932353
9766.406036265898 9822.206160082036
8214.561023931366 4236.21159870337
5051.277010122577 15.403138579109799
7408.2846221642185 8253.240247817635
1228.3506997680227 7287.474331453115
8113.398891199962 7148.803445592635
3720.062104396543 8980.051746465078
8961.035713966296 253.869891143943
4857.852702659252 1542.6132482094822
8658.076575197456 4190.755319905839
1550.669952644924 3549.528512816753
6658.257190230458 4253.160748467252
2575.985123284664 1852.0967438069736
3672.096760290445 9054.275622599796
1013.7411081585012 117.67159946653227
1520.0241966816598 3496.508029197455
3281.04768744669 6431.893736458184
1241.8054648747268 7578.5956593994215
3508.4080817847976 3328.449633569894
8076.032578562148 4486.502558016959
9126.304279433618 6601.525250130418
1447.532310237648 5329.61590993268
4860.749290947929 9973.55310749406
6904.179658602664 8595.83548150002
5895.419397222346 9174.113060184976
5418.52648080778 9099.448116695328
5671.686453547554 6390.88560729191
6386.659580948516 8215.444242529278
7876.712772711428 748.3766988451113
4403.394903954265 1305.024855328305
5929.663151297607 4339.41429472984
3618.806884144694 6587.05135771991
2080.222251542736 8206.806315859843
4453.648127789227 2373.8394128793384
5495.7945025651325 9031.776293105519
3589.019029288498 666.9178075500693
4923.639016517886 7874.799172122694
7090.338144511429 6463.567033710768
799.2800265939537 7847.311347139941
5154.73984528191 7122.039895192719
3909.3884473050875 9223.394505395147
6913.553958877868 2752.048968400598
3229.0832274018553 3885.9833604225337
721.7370900034437 5691.2266199543255
4400.4491672055765 4855.865250547138
2579.353462881362 5269.190799273773
1678.2556184886732 919.8280551813742
3712.2804546825714 1837.2762495687489
6763.209189715639 1368.350558864213
2596.763392148147 8873.683362181167
5756.067359660668 6803.052174257796
1303.6990840849382 4365.610666922991
5549.074781851459 7477.169761169983
9456.523339054198 2672.7185535274766
4382.813187583936 4868.198324557668
1910.950839483666 9690.5019980516
1320.3759581391816 2527.3301938205495
7996.475141865486 7917.280114689872
7102.799767735055 6706.384075100551
4554.875711982294 2975.4721710102094
4842.584448771388 4013.1634723877028
3899.6922038878865 7020.465202013021
184.7912529329332 6257.157829816211
1762.5402861576256 2308.146959238392
2338.750556423268 8726.600619209654
9314.119361558925 4940.866818589201
8207.543664795247 1589.4194027675012
1329.3402791199949 693.949568463913
805.3353922538874 1679.7110292384732
1719.2802475807457 5663.4021002528
7272.141144086255 7400.95304517781
2056.5141092793237 4298.439776986485
8921.98391326892 686.0258809974484
7560.513993800724 7586.07783666799
1179.2661717503884 7982.858198625001
2710.4050262631563 5036.053320068131
2929.6719423461172 2358.5416698242666
1653.2795762229991 670.1117044584281
3561.2672527282375 8356.184298456534
2569.405435140092 159.97223627739365
7097.112600441779 8372.836883682336
4331.891514651843 2738.8994290604187
4267.327517249378 5315.771478307599
4077.96778081136 501.10967432723476
308.1508388657528 1258.6087990681826
2775.262022976247 6809.091279447676
2503.5440838968548 5846.503734865737
6932.01368568141 8442.22992294141
9148.772986892474 1605.458335498865
6273.951730189401 6510.5705304197245
2502.767930475068 6318.139467760324
7749.347157514196 182.73951239485388
6406.932274668396 539.9617705283299
7203.192224143358 2123.3887786278806
3137.3072660872926 4269.247599046474
1063.2380988590883 3441.3838290796707
4700.9218745992175 7386.67113891958
8543.77864225796 3948.6113316600336
9800.85401562598 7541.042193415594
7840.5472671620155 8638.077356747339
2882.3147947563475 2628.7815152060766
797.5566545632784 6011.317492612927
9232.97848159505 7695.079010629447
9374.344436747917 4345.669654106936
8425.659253974174 60.22400660454008
2970.5355530351007 6081.946506814566
9177.824803446016 2241.3377440004924
8749.360414211747 5120.14089788813
6733.005723049005 4830.54560772414
5714.7319419815685 4992.683320141139
5074.703138010714 3258.6394813307306
7060.625566508297 8560.182995564355
9556.104521080817 8129.321492495217
6008.361298415585 9971.916589499155
3453.5586019159236 2280.0788260354057
2688.509671055813 9378.603568443014
8700.047493028016 557.8348863229676
8512.537184038982 6623.118516784636
7737.110464041015 3748.751129896107
2002.374349566014 3068.401981149805
9237.757654212 6513.9173273042425
6551.755385008997 6264.867950140106
6582.576804771473 4035.996876491015
1594.626310891244 51.5423328586384
3443.4994195773993 4692.812506343133
349.83986025690416 3148.8095805428597
5587.384926713501 2492.5211102411336
9654.396070951998 1596.8149407171106
2241.437626312023 7444.852693889666
9180.574793324358 7034.434305793715
6710.053799111706 3062.7315113029276
9949.617429219787 1455.0319911358456
1243.2053927576758 7748.880112695262
4892.426192131251 2918.571658880993
3418.106478989248 7463.7028792811925
3111.5282475334084 3406.6271962002324
4982.443076119441 6101.694913702663
2966.690148570922 7691.313149431067
249.076801652115 2957.1749659532334
7529.51611975914 8868.29810049149
7563.687099718234 5647.497828501164
8879.6903607568 589.6008826980814
9696.405773636963 1927.0738748841143
122.14268618510937 7080.059605298002
9044.254214421493 7714.170888879397
7006.700766791031 8268.949925368128
8905.68627873492 4145.415821077614
667.5112821962748 2965.308761848888
8677.221547387446 3739.402549763932
7884.620081668925 685.620437964698
4347.658748059652 3545.2833630085465
4239.673131244423 5233.698215877953
5239.330159469583 1179.0528510022903
182.44253749802763 5124.592177648021
9794.383083397746 5062.401059574663
986.5511451147313 6889.652826239689
9151.424102340827 9213.011579456415
2209.8790043989547 9616.974951023747
6061.197010347202 6205.339464129833
5159.0359845898865 3136.1667352157697
6892.595962498539 7208.420052786779
3706.0647231720354 6637.461735807429
919.8285292518493 8623.456213340822
4083.1065238254037 8771.509772301053
2137.4955951834827 7839.919171718697
9627.142618332799 9155.99352269459
5716.043527990009 1951.2224470770245
1874.683731825817 8936.009978185895
668.1140760809934 7337.713908303926
6569.521931796324 6933.766820748988
6492.126032239523 123.9396303160234
128.42823189819552 81.7988068692932
1149.4490933642232 489.545955150118
6611.658500048585 6759.402909370271
696.9182934381157 6615.744202466899
2191.5925399101034 492.66775819947094
4707.945892630184 2468.029155301772
214.65999957075098 7888.6919499309015
3636.495555569752 8046.72218040495
6235.293463700913 4241.732455128386
6215.5225182222775 1543.1550306277175
1201.3979861432622 2323.169130968713
8171.8837950069155 8022.041260992717
3872.382353046495 2494.355782405093
4804.540463745671 7759.385085460675
7478.335126393059 1297.9708842072102
8635.39610465941 2937.366896392879
7739.612554529136 6098.383906737148
5854.843139988262 8239.43086784146
3101.4486451972857 4081.8209374091675
136.08187640219316 7848.659137756293
7399.2809472800245 548.6990296222649
3299.9267645497366 9047.80252808408
8527.465255007977 1555.4992715654314
2253.9873801448493 601.2060454560797
1315.3898894084748 5065.561775040991
4540.184631771233 5112.396379128037
1608.3073788553604 6561.299148626195
3819.263635263499 9632.042131704287
575.4768682938061 4790.457896782548
8075.775641789217 6086.792382979108
7437.746187403362 8043.065287956571
7935.399543149217 4200.326279813208
565.4378558614414 7131.900987617809
3511.161511161296 8136.95687498935
5560.389608502885 7606.869157714215
9760.107255579416 7578.256203276163
5248.284300196718 8211.366727788805
6729.205064246322 24.375459116946494
1963.6859281364461 560.3221265208736
5685.537011779991 4819.644418736213
4172.813263893199 6756.990586191873
9692.632414715512 1747.937460017822
4423.8856711235085 1855.9682654396604
7330.522276499606 135.92681070585644
6953.050296717304 3698.764793197529
8633.51838710121 4701.3251068922855
3879.4378663346906 8506.884180359102
8287.731274367714 4513.033998466123
3756.5826117506763 385.89611862600793
5324.199112984785 4671.77990485794
3788.7034055393065 2522.095438961589
2213.9265903185933 7423.795840874517
8205.939516527385 3889.1895880719585
5020.568727979355 6153.068228426275
1268.3253101654423 5238.801012725872
845.6356739530702 1515.847582808747
2051.922437472735 8994.63626866468
6799.6069738411925 1451.0214660923982
6430.889397675409 5146.597717666159
4340.524311345124 8868.885975710928
7954.194132153655 4998.841564099018
6149.774581085245 8822.033398624393
2400.869236863278 4916.092450217031
6130.845282601148 6060.937207985664
7899.811465994771 7043.45461322916
458.58726301112654 9733.501362683706
2688.1423344167797 2654.199816432149
360.1097479346771 6317.305531886378
9981.740427904679 3693.2661017402247
6406.8322508208585 929.497583253005
273.31631319615803 8881.822140256201
5634.925696766313 1897.450742051815
3811.560599085959 7209.500518900806
7761.927808158497 4297.150738528688
660.2122009829781 4262.810170417714
976.1032748967668 2316.1730232495615
2701.750925634341 8622.90937812477
7757.602487471973 8228.078123345647
2078.764023655618 116.3357252640207
2327.927654094848 8340.798477874192
5891.423801029006 9827.202786828479
6750.997558010337 6686.8020027397715
2065.2706695977395 415.41641265620655
177.28967303826892 1270.242215560403
4874.240525179649 6281.864061851433
2285.2430872294626 8953.404492412195
270.01174581657403 3338.354049801292
1049.413530710731 3817.5459153228708
4987.267277014688 6261.927924555396
6928.4382960614375 1577.6139025280988
4699.6474916769685 613.313597650339
2332.07464185047 9993.860013885867
4897.648907355791 9786.993754165289
6010.737270023058 4286.248129018278
6194.76517535203 2711.6198845096997
2485.1106494469377 4766.7649802409915
6872.926319260387 4785.711652746071
9841.762247867371 7656.902611236342
1018.1097932624061 362.21034849438837
4601.659948950205 6376.9868864558
3108.605440128861 339.46049240490714
4675.8421211356845 3198.751846640793
5748.630345250425 1753.4990446798959
4970.217953486913 8284.143766204406
8058.703368559977 3356.648561711464
3360.3754674378283 4725.3138499634515
9715.031938092434 4561.6223606394005
6945.980978306485 4211.122645865542
5442.755353563136 3654.6257332073005
9769.386299962416 9171.550582374051
7618.973743508131 5990.04644976497
2356.1361076610356 9348.144551907173
579.2409086733563 7504.62713533697
2594.417909668769 365.97321246186755
8716.605283221525 6196.138397333544
821.5977803864805 2837.981396166188
1484.721004609917 5301.964216652919
2524.3625432242266 7273.165577610762
4036.7708887065733 4758.284377937859
5517.646569812915 1825.8565151707862
8247.021323894138 2436.0513047439335
4028.3886179828387 7903.370867670756
7101.618160787534 4674.729202154347
9353.322570974044 9205.650861385835
2644.9706985512476 7423.680303983866
5158.11429209771 4445.742255834316
2056.8271592186306 24.355926348699207
7737.00823109481 555.7930451166882
1914.5348506613036 6206.311329302455
1287.378740415931 6125.212367743984
5204.830415470774 2490.005842830557
9135.840676869073 7638.949498874169
5867.891936059303 9892.98459827978
2501.5089291129634 6860.69562530055
1797.8540814910725 1064.4764896705583
6572.341784887294 2707.173251508055
9875.981289989288 9134.701368061735
5982.170883717857 2185.2907353609753
2666.912909153153 1725.899629958646
5903.554418460702 8911.965846323632
9088.169135997017 3387.973172161648
